0 0.5560908913612366 
1 0.6358989477157593 
2 0.5659584403038025 
3 0.5657048225402832 
4 0.5536658763885498 
5 0.5245763063430786 
6 0.5835984349250793 
7 0.5345004200935364 
8 0.5822766423225403 
9 0.6102334856987 
10 0.47950443625450134 
11 0.5875223278999329 
12 0.5171099305152893 
13 0.4691053628921509 
14 0.5923410058021545 
15 0.6022357940673828 
16 0.649787962436676 
17 0.49226686358451843 
18 0.5243865847587585 
19 0.46075379848480225 
20 0.5352720022201538 
21 0.5529875159263611 
22 0.550489604473114 
23 0.5620311498641968 
24 0.5223689079284668 
25 0.5718021392822266 
26 0.5867610573768616 
27 0.5158774256706238 
28 0.5357764363288879 
29 0.5714362859725952 
30 0.5439506769180298 
31 0.5432068705558777 
32 0.5293387770652771 
33 0.6924654841423035 
34 0.624847948551178 
35 0.6263929605484009 
36 0.5872946977615356 
37 0.5408670902252197 
38 0.6100484132766724 
39 0.5816687345504761 
40 0.610487163066864 
41 0.5147560238838196 
42 0.6214339137077332 
43 0.6028504967689514 
44 0.5951501727104187 
45 0.6067440509796143 
46 0.5290113687515259 
47 0.6013567447662354 
48 0.5616866946220398 
49 0.5614928603172302 
50 0.5884414315223694 
51 0.573411226272583 
52 0.5171078443527222 
53 0.5976351499557495 
54 0.5461046099662781 
55 0.604548454284668 
56 0.5468001961708069 
57 0.5704018473625183 
58 0.5929238200187683 
59 0.6212803721427917 
60 0.5791229605674744 
61 0.5073032975196838 
62 0.5992504358291626 
63 0.5841591358184814 
64 0.5866667628288269 
65 0.5698988437652588 
66 0.5559593439102173 
67 0.5624783635139465 
68 0.5440791249275208 
69 0.5942743420600891 
70 0.5763952136039734 
71 0.533836305141449 
72 0.5802366137504578 
73 0.5973586440086365 
74 0.6199148297309875 
75 0.5822408199310303 
76 0.5236929059028625 
77 0.6841806173324585 
78 0.6580976247787476 
79 0.5800397396087646 
80 0.6733769774436951 
81 0.6450758576393127 
82 0.58065265417099 
83 0.5997618436813354 
84 0.5878403782844543 
85 0.5822195410728455 
86 0.6064696311950684 
87 0.6198349595069885 
88 0.5978329181671143 
89 0.5273139476776123 
90 0.5918741822242737 
91 0.6732333302497864 
92 0.5711100697517395 
93 0.566601037979126 
94 0.6080344915390015 
95 0.4932396411895752 
96 0.6094613671302795 
97 0.6184592247009277 
98 0.6930146813392639 
99 0.6187664866447449 
100 0.6444882154464722 
101 0.5676445960998535 
102 0.5720117688179016 
103 0.5995429158210754 
104 0.6077417731285095 
105 0.5909873247146606 
106 0.5773404836654663 
107 0.5703496336936951 
108 0.5731056332588196 
109 0.6247059106826782 
110 0.5863523483276367 
111 0.5310304760932922 
112 0.6576672196388245 
113 0.5898881554603577 
114 0.5288445949554443 
115 0.6977526545524597 
116 0.5609075427055359 
117 0.650767982006073 
118 0.5910667777061462 
119 0.5896630883216858 
120 0.5512279272079468 
121 0.6200111508369446 
122 0.5649071931838989 
123 0.521546483039856 
124 0.6081016659736633 
125 0.608718752861023 
126 0.6831243634223938 
127 0.50335294008255 
128 0.551888108253479 
129 0.6121304035186768 
130 0.6396821141242981 
131 0.5845713019371033 
132 0.6424736976623535 
133 0.5857304334640503 
134 0.5768250226974487 
135 0.6588033437728882 
136 0.5387842655181885 
137 0.6724181175231934 
138 0.622429609298706 
139 0.5821919441223145 
140 0.5708264708518982 
141 0.5445289611816406 
142 0.5549106001853943 
143 0.5954387784004211 
144 0.5623112916946411 
145 0.5830619931221008 
146 0.5439854860305786 
147 0.6081768870353699 
148 0.5868790149688721 
149 0.6370878219604492 
150 0.6365060210227966 
151 0.645380973815918 
152 0.6267814636230469 
153 0.546591579914093 
154 0.6079356074333191 
155 0.6109237670898438 
156 0.6089460849761963 
157 0.6019037961959839 
158 0.6276598572731018 
159 0.6881771683692932 
160 0.5939900875091553 
161 0.5833848714828491 
162 0.5307291746139526 
163 0.6307870149612427 
164 0.5711145401000977 
165 0.5980743765830994 
166 0.5709012150764465 
167 0.6420941948890686 
168 0.6387357115745544 
169 0.5910667181015015 
170 0.5996060967445374 
171 0.652401864528656 
172 0.6648694276809692 
173 0.5473240613937378 
174 0.5802524089813232 
175 0.5520426630973816 
176 0.5253267288208008 
177 0.5825379490852356 
178 0.5358343124389648 
179 0.576819896697998 
180 0.5818970799446106 
181 0.5828965306282043 
182 0.5501258373260498 
183 0.6001824140548706 
184 0.626583456993103 
185 0.6309347748756409 
186 0.618728756904602 
187 0.6486052870750427 
188 0.5725526809692383 
189 0.5253369808197021 
190 0.643736720085144 
191 0.53508460521698 
192 0.5999298691749573 
193 0.5720860958099365 
194 0.5574979186058044 
195 0.6019039750099182 
196 0.5768498778343201 
197 0.6146554350852966 
198 0.585787296295166 
199 0.6223668456077576 
200 0.5682337284088135 
201 0.5775923132896423 
202 0.6405726671218872 
203 0.5781264305114746 
204 0.590251088142395 
205 0.6538873314857483 
206 0.6253334283828735 
207 0.609578013420105 
208 0.5640702247619629 
209 0.557651937007904 
210 0.5936540961265564 
211 0.5398087501525879 
212 0.6303250193595886 
213 0.6373990774154663 
214 0.6026822924613953 
215 0.5277072787284851 
216 0.6499506235122681 
217 0.6041828989982605 
218 0.5683284997940063 
219 0.5845755338668823 
220 0.5403342843055725 
221 0.5793477892875671 
222 0.6338924765586853 
223 0.5769160985946655 
224 0.6300192475318909 
225 0.6399150490760803 
226 0.638803243637085 
227 0.6551212072372437 
228 0.5665619373321533 
229 0.6014134883880615 
230 0.6148199439048767 
231 0.5842211246490479 
232 0.5149634480476379 
233 0.5832394361495972 
234 0.5364936590194702 
235 0.559644877910614 
236 0.5679454803466797 
237 0.6164317727088928 
238 0.5530792474746704 
239 0.5748222470283508 
240 0.5565081238746643 
241 0.5595756769180298 
242 0.5471482276916504 
243 0.5123216509819031 
244 0.5545367002487183 
245 0.5886970162391663 
246 0.5214413404464722 
247 0.608220100402832 
248 0.5485014915466309 
249 0.5330044627189636 
250 0.6156978011131287 
251 0.5949369668960571 
252 0.582324206829071 
253 0.5662063956260681 
254 0.5118136405944824 
255 0.6171510815620422 
256 0.5470988750457764 
257 0.49785828590393066 
258 0.5448132157325745 
259 0.5501691699028015 
260 0.6052877306938171 
261 0.6222033500671387 
262 0.545991837978363 
263 0.5119697451591492 
264 0.5223883986473083 
265 0.5044324994087219 
266 0.5591996312141418 
267 0.5400861501693726 
268 0.6025136709213257 
269 0.5807329416275024 
270 0.5930863618850708 
271 0.5759161710739136 
272 0.6565529704093933 
273 0.5959296822547913 
274 0.5879740118980408 
275 0.6276169419288635 
276 0.5709083080291748 
277 0.6197332143783569 
278 0.5779483318328857 
279 0.6886284947395325 
280 0.6050513386726379 
281 0.5413614511489868 
282 0.6154791712760925 
283 0.5619608163833618 
284 0.6386229395866394 
285 0.6112980246543884 
286 0.6637449264526367 
287 0.663091778755188 
288 0.573795735836029 
289 0.5974642634391785 
290 0.561630129814148 
291 0.5828015804290771 
292 0.548596203327179 
293 0.5794641375541687 
294 0.630551278591156 
295 0.5534371733665466 
296 0.6068812012672424 
297 0.5808113217353821 
298 0.5964195132255554 
299 0.673105001449585 
300 0.583922266960144 
301 0.558292031288147 
302 0.5714327692985535 
303 0.5831422209739685 
304 0.6410243511199951 
305 0.6117113828659058 
306 0.5826846957206726 
307 0.604740560054779 
308 0.5615649819374084 
309 0.5266250967979431 
310 0.5380205512046814 
311 0.5652750730514526 
312 0.5251675844192505 
313 0.5790879726409912 
314 0.567169725894928 
315 0.6578308343887329 
316 0.5819931030273438 
317 0.5973027348518372 
318 0.5154563784599304 
319 0.5662778615951538 
320 0.5818744897842407 
321 0.5686079263687134 
322 0.63714998960495 
323 0.5698682069778442 
324 0.525905191898346 
325 0.6213938593864441 
326 0.541593611240387 
327 0.6150339841842651 
328 0.6013431549072266 
329 0.5141003727912903 
330 0.5662397146224976 
331 0.5152330994606018 
332 0.604884147644043 
333 0.6016237139701843 
334 0.6595657467842102 
335 0.6633501052856445 
336 0.5985031127929688 
337 0.5726872682571411 
338 0.5358790755271912 
339 0.57048499584198 
340 0.5803758502006531 
341 0.6623857021331787 
342 0.5964762568473816 
343 0.5476620197296143 
344 0.6451692581176758 
345 0.49176064133644104 
346 0.576432466506958 
347 0.6033902168273926 
348 0.5938936471939087 
349 0.559937596321106 
350 0.5685299038887024 
351 0.5579162836074829 
352 0.5354936718940735 
353 0.5389271378517151 
354 0.5794916152954102 
355 0.5566583871841431 
356 0.5524059534072876 
357 0.5973993539810181 
358 0.5211272239685059 
359 0.5608221292495728 
360 0.5510424971580505 
361 0.5827057957649231 
362 0.5623499155044556 
363 0.46807900071144104 
364 0.5818871855735779 
365 0.6156997680664063 
366 0.41910848021507263 
367 0.6200793385505676 
368 0.6043312549591064 
369 0.5866761803627014 
370 0.5737088322639465 
371 0.5528150796890259 
372 0.5653638243675232 
373 0.5702033042907715 
374 0.573570966720581 
375 0.588614821434021 
376 0.6618375778198242 
377 0.5900883674621582 
378 0.5639891624450684 
379 0.4778539538383484 
380 0.48524239659309387 
381 0.6283302307128906 
382 0.5832790732383728 
383 0.5463945269584656 
384 0.5462121367454529 
385 0.5845658779144287 
386 0.5634428262710571 
387 0.5517870783805847 
388 0.5494596362113953 
389 0.6224309802055359 
390 0.6015115976333618 
391 0.5902048945426941 
392 0.6194472908973694 
393 0.5815720558166504 
394 0.5757040977478027 
395 0.5708936452865601 
396 0.6132875680923462 
397 0.6601736545562744 
398 0.6442919969558716 
399 0.5375998020172119 
400 0.4881564676761627 
401 0.5797548890113831 
402 0.5920423865318298 
403 0.5638591647148132 
404 0.5712448954582214 
405 0.5841127038002014 
406 0.5546305179595947 
407 0.5920537710189819 
408 0.5279980897903442 
409 0.5182187557220459 
410 0.5633395910263062 
411 0.5558179020881653 
412 0.6152894496917725 
413 0.5676431655883789 
414 0.6362592577934265 
415 0.5720590949058533 
416 0.6207489967346191 
417 0.5922460556030273 
418 0.5470805764198303 
419 0.5449570417404175 
420 0.5574261546134949 
421 0.5972841382026672 
422 0.5444718599319458 
423 0.6453480124473572 
424 0.5621316432952881 
425 0.502484917640686 
426 0.5426238775253296 
427 0.5438143014907837 
428 0.5290536284446716 
429 0.587402880191803 
430 0.5647595524787903 
431 0.668003261089325 
432 0.5845754146575928 
433 0.6338487267494202 
434 0.5749512314796448 
435 0.5584182739257813 
436 0.5292895436286926 
437 0.5948748588562012 
438 0.5877698063850403 
439 0.5264171957969666 
440 0.5556418299674988 
441 0.6162244081497192 
442 0.5367962718009949 
443 0.5937886238098145 
444 0.6045806407928467 
445 0.6030963659286499 
446 0.578827977180481 
447 0.6324838995933533 
448 0.5075811743736267 
449 0.5805812478065491 
450 0.5966535806655884 
451 0.5977392196655273 
452 0.5896185636520386 
453 0.5773082375526428 
454 0.5367494821548462 
455 0.5890134572982788 
456 0.552180826663971 
457 0.5776235461235046 
458 0.618519127368927 
459 0.4866342842578888 
460 0.4804154932498932 
461 0.584119439125061 
462 0.5556674599647522 
463 0.5639021396636963 
464 0.5035163164138794 
465 0.606777012348175 
466 0.528902530670166 
467 0.531527578830719 
468 0.524747371673584 
469 0.6142294406890869 
470 0.5992477536201477 
471 0.5898464322090149 
472 0.47883370518684387 
473 0.6107118725776672 
474 0.4969790577888489 
475 0.5751345753669739 
476 0.5808849334716797 
477 0.5486406087875366 
478 0.537150502204895 
479 0.6373664736747742 
480 0.6093451380729675 
481 0.5870755910873413 
482 0.5707437992095947 
483 0.5872598886489868 
484 0.4951481521129608 
485 0.5767846703529358 
486 0.6224793195724487 
487 0.551206111907959 
488 0.5089342594146729 
489 0.5611602663993835 
490 0.6071281433105469 
491 0.4969826936721802 
492 0.5500959157943726 
493 0.5031343698501587 
494 0.5303635001182556 
495 0.5024541020393372 
496 0.5426792502403259 
497 0.5275523662567139 
498 0.544822633266449 
499 0.5919987559318542 
500 0.541674792766571 
501 0.5061471462249756 
502 0.5961227416992188 
503 0.5566866397857666 
504 0.5415259003639221 
505 0.539385199546814 
506 0.5782091021537781 
507 0.6019471287727356 
508 0.5623022317886353 
509 0.5832798480987549 
510 0.5402650237083435 
511 0.5872898697853088 
512 0.5480265021324158 
513 0.5465248227119446 
514 0.6238114237785339 
515 0.5811929702758789 
516 0.6386027336120605 
517 0.6048373579978943 
518 0.6582188010215759 
519 0.603543221950531 
520 0.5383480787277222 
521 0.551544189453125 
522 0.6110645532608032 
523 0.554938793182373 
524 0.5922523140907288 
525 0.6112388372421265 
526 0.6173097491264343 
527 0.5712897181510925 
528 0.5594595074653625 
529 0.5127676129341125 
530 0.5203041434288025 
531 0.5014674663543701 
532 0.6031564474105835 
533 0.4923250675201416 
534 0.6127040982246399 
535 0.5580740571022034 
536 0.6038153171539307 
537 0.6305386424064636 
538 0.5344020128250122 
539 0.5943265557289124 
540 0.5992944836616516 
541 0.5813446640968323 
542 0.5260067582130432 
543 0.5783491730690002 
544 0.5518762469291687 
545 0.5331616401672363 
546 0.5579158663749695 
547 0.6017840504646301 
548 0.5717885494232178 
549 0.5947871804237366 
550 0.596694827079773 
551 0.5940903425216675 
552 0.6117421984672546 
553 0.5906238555908203 
554 0.5379624962806702 
555 0.6307510733604431 
556 0.5546267628669739 
557 0.563165545463562 
558 0.6030873656272888 
559 0.5907737612724304 
560 0.5117093324661255 
561 0.5202858448028564 
562 0.5643643140792847 
563 0.6228011846542358 
564 0.5332452654838562 
565 0.6419603824615479 
566 0.5692117214202881 
567 0.546136736869812 
568 0.5938892364501953 
569 0.6346955895423889 
570 0.6172533631324768 
571 0.4920523166656494 
572 0.5620225667953491 
573 0.5653573274612427 
574 0.5781993269920349 
575 0.6085469126701355 
576 0.5357823967933655 
577 0.5180788040161133 
578 0.5972545742988586 
579 0.5910377502441406 
580 0.5015875697135925 
581 0.5726841688156128 
582 0.6351726651191711 
583 0.6396865844726563 
584 0.608185350894928 
585 0.6282455325126648 
586 0.5640647411346436 
587 0.6311058402061462 
588 0.5683495402336121 
589 0.6381717920303345 
590 0.6125701665878296 
591 0.5488443970680237 
592 0.5454006791114807 
593 0.5866421461105347 
594 0.5620050430297852 
595 0.5678560733795166 
596 0.5886550545692444 
597 0.5863960981369019 
598 0.5067698955535889 
599 0.5715086460113525 
600 0.6040327548980713 
601 0.5840827822685242 
602 0.5496881008148193 
603 0.5579209327697754 
604 0.5760378241539001 
605 0.6336256265640259 
606 0.5856668949127197 
607 0.6191051006317139 
608 0.5730143189430237 
609 0.5264933109283447 
610 0.5702792406082153 
611 0.5289191603660583 
612 0.5731784701347351 
613 0.6139272451400757 
614 0.4987565279006958 
615 0.5141993761062622 
616 0.552168071269989 
617 0.6936808228492737 
618 0.5777337551116943 
619 0.654306948184967 
620 0.5523331761360168 
621 0.5570329427719116 
622 0.5540872812271118 
623 0.6008444428443909 
624 0.5818753242492676 
625 0.5950305461883545 
626 0.5401631593704224 
627 0.6407309174537659 
628 0.5944150686264038 
629 0.5531043410301208 
630 0.6186591982841492 
631 0.6177993416786194 
632 0.577210545539856 
633 0.617259681224823 
634 0.6148828864097595 
635 0.6745209693908691 
636 0.5737496018409729 
637 0.5042644739151001 
638 0.5114871263504028 
639 0.5988689064979553 
640 0.5827985405921936 
641 0.6153625249862671 
642 0.607128918170929 
643 0.5727317333221436 
644 0.659481406211853 
645 0.568709135055542 
646 0.6033437252044678 
647 0.553283154964447 
648 0.5339528918266296 
649 0.5301930904388428 
650 0.592455267906189 
651 0.5573292970657349 
652 0.5496501922607422 
653 0.5836296677589417 
654 0.5819512009620667 
655 0.5511359572410583 
656 0.577677309513092 
657 0.5436765551567078 
658 0.5335493683815002 
659 0.5511305928230286 
660 0.5559390187263489 
661 0.5977888107299805 
662 0.5844029784202576 
663 0.5825928449630737 
664 0.6396297216415405 
665 0.6427953839302063 
666 0.5884522199630737 
667 0.5081581473350525 
668 0.5451727509498596 
669 0.477946400642395 
670 0.6260029673576355 
671 0.5622711777687073 
672 0.5414121150970459 
673 0.5918210744857788 
674 0.5931337475776672 
675 0.5945448279380798 
676 0.592541515827179 
677 0.6166200041770935 
678 0.6481976509094238 
679 0.5648052096366882 
680 0.5412124395370483 
681 0.6247466802597046 
682 0.5885069966316223 
683 0.5429522395133972 
684 0.5910832285881042 
685 0.6032192707061768 
686 0.6052951216697693 
687 0.5469130277633667 
688 0.546987771987915 
689 0.6140927076339722 
690 0.6384826302528381 
691 0.6259089708328247 
692 0.5777186155319214 
693 0.6394338011741638 
694 0.569484293460846 
695 0.581208348274231 
696 0.537614643573761 
697 0.5526996850967407 
698 0.553671658039093 
699 0.6085435152053833 
700 0.6715936064720154 
701 0.5307888388633728 
702 0.5930525660514832 
703 0.582018256187439 
704 0.5446860194206238 
705 0.5934514403343201 
706 0.597346842288971 
707 0.5923502445220947 
708 0.5574117302894592 
709 0.5248751044273376 
710 0.5085818767547607 
711 0.5731853246688843 
712 0.5649535059928894 
713 0.5194088220596313 
714 0.6701341867446899 
715 0.6107127070426941 
716 0.5675942301750183 
717 0.5399028062820435 
718 0.5992007851600647 
719 0.5693976879119873 
720 0.5521301627159119 
721 0.5920693278312683 
722 0.6244233846664429 
723 0.6516820192337036 
724 0.5037506222724915 
725 0.5790802836418152 
726 0.5582835674285889 
727 0.5902990102767944 
728 0.5629643201828003 
729 0.5486087799072266 
730 0.6203943490982056 
731 0.5772886872291565 
732 0.6341138482093811 
733 0.5553211569786072 
734 0.558821439743042 
735 0.5756263136863708 
736 0.5342398285865784 
737 0.5823037624359131 
738 0.5753769874572754 
739 0.5952649712562561 
740 0.5437257289886475 
741 0.5967232584953308 
742 0.6652002930641174 
743 0.533572793006897 
744 0.5941475033760071 
745 0.5558507442474365 
746 0.570769727230072 
747 0.6265714168548584 
748 0.6045213341712952 
749 0.6202002167701721 
750 0.5640703439712524 
751 0.5480901002883911 
752 0.6108397245407104 
753 0.5435817837715149 
754 0.5915282368659973 
755 0.5111862421035767 
756 0.6203911900520325 
757 0.5356516242027283 
758 0.5253263711929321 
759 0.6106767058372498 
760 0.5703443288803101 
761 0.5472952723503113 
762 0.5641094446182251 
763 0.5595781207084656 
764 0.6126263737678528 
765 0.4858793020248413 
766 0.5524911284446716 
767 0.5796220302581787 
768 0.563241720199585 
769 0.5473003387451172 
770 0.48891758918762207 
771 0.5884914994239807 
772 0.6016470789909363 
773 0.603645920753479 
774 0.5705580115318298 
775 0.6221480369567871 
776 0.5810754299163818 
777 0.5240620374679565 
778 0.5941422581672668 
779 0.5034791827201843 
780 0.5902391672134399 
781 0.5573330521583557 
782 0.6503101587295532 
783 0.5649447441101074 
784 0.6029185056686401 
785 0.5772275328636169 
786 0.6568663716316223 
787 0.5757700204849243 
788 0.4450141191482544 
789 0.5483952760696411 
790 0.5715097188949585 
791 0.585639238357544 
792 0.5466991066932678 
793 0.5744302868843079 
794 0.6287444233894348 
795 0.5748823285102844 
796 0.5706641674041748 
797 0.6239541172981262 
798 0.5490916967391968 
799 0.537422776222229 
800 0.6017796993255615 
801 0.6321312785148621 
802 0.6094859838485718 
803 0.5563125014305115 
804 0.5178623795509338 
805 0.6312488317489624 
806 0.5664302706718445 
807 0.4793025553226471 
808 0.5379570126533508 
809 0.5578613877296448 
810 0.629375159740448 
811 0.5847886204719543 
812 0.5869102478027344 
813 0.6572617888450623 
814 0.6240939497947693 
815 0.5879150629043579 
816 0.5949864983558655 
817 0.6380448341369629 
818 0.6037618517875671 
819 0.5544856190681458 
820 0.6144375205039978 
821 0.5948777794837952 
822 0.5331974029541016 
823 0.6332326531410217 
824 0.5647135972976685 
825 0.5560505390167236 
826 0.5558794736862183 
827 0.5881584286689758 
828 0.5858655571937561 
829 0.5519721508026123 
830 0.5698056221008301 
831 0.5788196325302124 
832 0.5197978019714355 
833 0.5915865302085876 
834 0.5979365110397339 
835 0.5675191283226013 
836 0.54706871509552 
837 0.5737298727035522 
838 0.580811083316803 
839 0.629392683506012 
840 0.5682964324951172 
841 0.6352460980415344 
842 0.5880536437034607 
843 0.59859699010849 
844 0.6066589951515198 
845 0.5758596658706665 
846 0.5853877067565918 
847 0.5546333193778992 
848 0.5807339549064636 
849 0.5918810367584229 
850 0.614955723285675 
851 0.5083375573158264 
852 0.5332821607589722 
853 0.5373480319976807 
854 0.5720856189727783 
855 0.5469192266464233 
856 0.6702973246574402 
857 0.4915885031223297 
858 0.5830898284912109 
859 0.5624709129333496 
860 0.5292878746986389 
861 0.5611439943313599 
862 0.5106404423713684 
863 0.558272659778595 
864 0.5964008569717407 
865 0.49924832582473755 
866 0.5517337918281555 
867 0.5565319061279297 
868 0.577869176864624 
869 0.6157539486885071 
870 0.5629372596740723 
871 0.6069955825805664 
872 0.6089701652526855 
873 0.5974351167678833 
874 0.6083528399467468 
875 0.5933065414428711 
876 0.6185148358345032 
877 0.6757852435112 
878 0.5620812773704529 
879 0.6046267747879028 
880 0.6458373069763184 
881 0.6106249690055847 
882 0.6115777492523193 
883 0.5681771039962769 
884 0.567348301410675 
885 0.5405934453010559 
886 0.4858578145503998 
887 0.6512274146080017 
888 0.5592437386512756 
889 0.4758372902870178 
890 0.5659717321395874 
891 0.5616267323493958 
892 0.5676414370536804 
893 0.6388986110687256 
894 0.5897494554519653 
895 0.5716739892959595 
896 0.6215757131576538 
897 0.5545220971107483 
898 0.5836578011512756 
899 0.5926686525344849 
900 0.5421866774559021 
901 0.530901312828064 
902 0.5778831839561462 
903 0.6257121562957764 
904 0.593022346496582 
905 0.6173543334007263 
906 0.6421879529953003 
907 0.5395609140396118 
908 0.5230889320373535 
909 0.49945032596588135 
910 0.5487548112869263 
911 0.5143045783042908 
912 0.5493611097335815 
913 0.5811784863471985 
914 0.628409743309021 
915 0.5607386827468872 
916 0.5654958486557007 
917 0.5579052567481995 
918 0.5367404222488403 
919 0.5381157398223877 
920 0.5627080202102661 
921 0.5366049408912659 
922 0.6312932968139648 
923 0.5654876232147217 
924 0.5247182846069336 
925 0.499792218208313 
926 0.5054541230201721 
927 0.550987958908081 
928 0.5995474457740784 
929 0.5614113211631775 
930 0.6128353476524353 
931 0.5897950530052185 
932 0.6015538573265076 
933 0.6154164671897888 
934 0.5583588480949402 
935 0.5465633273124695 
936 0.5833113789558411 
937 0.5720455646514893 
938 0.6404872536659241 
939 0.605707049369812 
940 0.6098904013633728 
941 0.6348089575767517 
942 0.5005806684494019 
943 0.5685490965843201 
944 0.5987680554389954 
945 0.6357237696647644 
946 0.6139640212059021 
947 0.5815130472183228 
948 0.6383396983146667 
949 0.6130192875862122 
950 0.6274427175521851 
951 0.5608479380607605 
952 0.5885414481163025 
953 0.5716871619224548 
954 0.5454249382019043 
955 0.6008001565933228 
956 0.5298360586166382 
957 0.5612370371818542 
958 0.5754827260971069 
959 0.5001758337020874 
960 0.5555248260498047 
961 0.55158931016922 
962 0.5093322992324829 
963 0.6086805462837219 
964 0.6417685747146606 
965 0.5889527797698975 
966 0.548337996006012 
967 0.5795010328292847 
968 0.6375265121459961 
969 0.6498317122459412 
970 0.5375925302505493 
971 0.5777861475944519 
972 0.5975533723831177 
973 0.5860880613327026 
974 0.6407721042633057 
975 0.6220862865447998 
976 0.5699000954627991 
977 0.5944733023643494 
978 0.5834946632385254 
979 0.6617736220359802 
980 0.5295647382736206 
981 0.5682416558265686 
982 0.5377684831619263 
983 0.6021619439125061 
984 0.6067413687705994 
985 0.5094693899154663 
986 0.5966150760650635 
987 0.5529923439025879 
988 0.5557718276977539 
989 0.5830771327018738 
990 0.6175451874732971 
991 0.5822211503982544 
992 0.6362178325653076 
993 0.5339682698249817 
994 0.5518680810928345 
995 0.6182165741920471 
996 0.6131177544593811 
997 0.5833898186683655 
998 0.6134895086288452 
999 0.6526767611503601 
1000 0.5903233885765076 
1001 0.5822998285293579 
1002 0.6262291073799133 
1003 0.6027962565422058 
1004 0.5863504409790039 
1005 0.5418801307678223 
1006 0.577397346496582 
1007 0.6484652757644653 
1008 0.5901337265968323 
1009 0.5375097990036011 
1010 0.5680564045906067 
1011 0.5986920595169067 
1012 0.635476291179657 
1013 0.5122736692428589 
1014 0.576817512512207 
1015 0.5351822972297668 
1016 0.6092774868011475 
1017 0.5675436854362488 
1018 0.580948531627655 
1019 0.5651570558547974 
1020 0.6013309955596924 
1021 0.586598813533783 
1022 0.5798353552818298 
1023 0.5644938945770264 
1024 0.4776015281677246 
1025 0.509796142578125 
1026 0.6314795613288879 
1027 0.5804054141044617 
1028 0.5853477716445923 
1029 0.5392100214958191 
1030 0.5601977109909058 
1031 0.5973538160324097 
1032 0.5884283185005188 
1033 0.5287037491798401 
1034 0.5761212706565857 
1035 0.5694298148155212 
1036 0.5507677793502808 
1037 0.5857323408126831 
1038 0.5678476691246033 
1039 0.5721994042396545 
1040 0.5546655654907227 
1041 0.5654723644256592 
1042 0.5521303415298462 
1043 0.5924240350723267 
1044 0.5814124941825867 
1045 0.5750465393066406 
1046 0.5271698236465454 
1047 0.5820794105529785 
1048 0.5176507234573364 
1049 0.5557007789611816 
1050 0.5548193454742432 
1051 0.6099512577056885 
1052 0.5707035064697266 
1053 0.6106555461883545 
1054 0.6087301969528198 
1055 0.5041563510894775 
1056 0.5456864237785339 
1057 0.590718686580658 
1058 0.6022802591323853 
1059 0.5448490381240845 
1060 0.5772063732147217 
1061 0.5763588547706604 
1062 0.5779972672462463 
1063 0.5907328128814697 
1064 0.6191635727882385 
1065 0.556323230266571 
1066 0.6287136077880859 
1067 0.6155623197555542 
1068 0.5487141609191895 
1069 0.5641841292381287 
1070 0.660641074180603 
1071 0.47832831740379333 
1072 0.6416510939598083 
1073 0.6367427706718445 
1074 0.6403209567070007 
1075 0.6549363136291504 
1076 0.6376066207885742 
1077 0.4875282049179077 
1078 0.6332648396492004 
1079 0.5335204005241394 
1080 0.6207895278930664 
1081 0.5394793748855591 
1082 0.5671288967132568 
1083 0.5920530557632446 
1084 0.5270714163780212 
1085 0.5979958176612854 
1086 0.569007396697998 
1087 0.6275920867919922 
1088 0.553476095199585 
1089 0.5455715656280518 
1090 0.5465896129608154 
1091 0.6067311763763428 
1092 0.5622177720069885 
1093 0.5611388683319092 
1094 0.5667182207107544 
1095 0.5982316732406616 
1096 0.5134624242782593 
1097 0.6046193838119507 
1098 0.5657675266265869 
1099 0.5369741916656494 
1100 0.5812271237373352 
1101 0.5705463290214539 
1102 0.5510295629501343 
1103 0.5262264013290405 
1104 0.5244877934455872 
1105 0.6118882298469543 
1106 0.6384114623069763 
1107 0.6488414406776428 
1108 0.6487909555435181 
1109 0.6747957468032837 
1110 0.553362250328064 
1111 0.5815577507019043 
1112 0.5845361351966858 
1113 0.5012482404708862 
1114 0.4568030834197998 
1115 0.6125683188438416 
1116 0.6125115156173706 
1117 0.5834985375404358 
1118 0.5937139987945557 
1119 0.5126150250434875 
1120 0.6013836860656738 
1121 0.5838124752044678 
1122 0.5542333126068115 
1123 0.546552300453186 
1124 0.564348578453064 
1125 0.4918920397758484 
1126 0.5935198664665222 
1127 0.5430920124053955 
1128 0.6021499633789063 
1129 0.5260575413703918 
1130 0.6110664010047913 
1131 0.6032167673110962 
1132 0.5428556799888611 
1133 0.5669228434562683 
1134 0.5729480981826782 
1135 0.6348614692687988 
1136 0.5695509910583496 
1137 0.5862915515899658 
1138 0.6477090120315552 
1139 0.6377204060554504 
1140 0.6324366927146912 
1141 0.5734145641326904 
1142 0.5830879211425781 
1143 0.6124749183654785 
1144 0.6201512217521667 
1145 0.6588625907897949 
1146 0.6189007759094238 
1147 0.5916118025779724 
1148 0.6027725338935852 
1149 0.5267332792282104 
1150 0.5606853365898132 
1151 0.48191067576408386 
1152 0.5699859857559204 
1153 0.7168327569961548 
1154 0.5456921458244324 
1155 0.5689582228660583 
1156 0.5627990961074829 
1157 0.5731716156005859 
1158 0.5570091009140015 
1159 0.5924186110496521 
1160 0.5856945514678955 
1161 0.5852379202842712 
1162 0.5648795366287231 
1163 0.5721271634101868 
1164 0.5296652317047119 
1165 0.5739272832870483 
1166 0.5419573783874512 
1167 0.5562740564346313 
1168 0.5415077805519104 
1169 0.5974036455154419 
1170 0.5851446986198425 
1171 0.556489884853363 
1172 0.5782517790794373 
1173 0.5939883589744568 
1174 0.5563858151435852 
1175 0.5119791030883789 
1176 0.597440242767334 
1177 0.6202872395515442 
1178 0.564792275428772 
1179 0.6262528300285339 
1180 0.5801047086715698 
1181 0.5482855439186096 
1182 0.49702882766723633 
1183 0.5836030840873718 
1184 0.6234697699546814 
1185 0.6559761166572571 
1186 0.4042716324329376 
1187 0.6242669224739075 
1188 0.5306673645973206 
1189 0.586295485496521 
1190 0.6072797775268555 
1191 0.5595627427101135 
1192 0.5961189270019531 
1193 0.4974951446056366 
1194 0.5549037456512451 
1195 0.5173283219337463 
1196 0.5199828147888184 
1197 0.55025714635849 
1198 0.5045668482780457 
1199 0.5917494297027588 
1200 0.6351878643035889 
1201 0.5190333127975464 
1202 0.6006941795349121 
1203 0.6065102219581604 
1204 0.5595483779907227 
1205 0.5103228688240051 
1206 0.6050816178321838 
1207 0.5619313716888428 
1208 0.47565221786499023 
1209 0.5987362265586853 
1210 0.6086869835853577 
1211 0.5679168701171875 
1212 0.486688494682312 
1213 0.5584428906440735 
1214 0.5546174049377441 
1215 0.515752911567688 
1216 0.5369248390197754 
1217 0.5874417424201965 
1218 0.5414135456085205 
1219 0.5550376176834106 
1220 0.5452820062637329 
1221 0.5798911452293396 
1222 0.5738909840583801 
1223 0.5083650350570679 
1224 0.6003230214118958 
1225 0.5806059837341309 
1226 0.5646628141403198 
1227 0.5798524618148804 
1228 0.5464008450508118 
1229 0.5308368802070618 
1230 0.5663633942604065 
1231 0.562385618686676 
1232 0.48572754859924316 
1233 0.5460842251777649 
1234 0.5767017006874084 
1235 0.5990081429481506 
1236 0.6241477131843567 
1237 0.5920323729515076 
1238 0.5170754790306091 
1239 0.538528323173523 
1240 0.572614312171936 
1241 0.5418815016746521 
1242 0.591164231300354 
1243 0.5570855736732483 
1244 0.5220362544059753 
1245 0.6212377548217773 
1246 0.4882688820362091 
1247 0.5366471409797668 
1248 0.5870956182479858 
1249 0.5760510563850403 
1250 0.5718008279800415 
1251 0.5588639974594116 
1252 0.5899287462234497 
1253 0.6251456141471863 
1254 0.5240005254745483 
1255 0.6402189135551453 
1256 0.5835973024368286 
1257 0.5693231225013733 
1258 0.5870531797409058 
1259 0.5279505252838135 
1260 0.4883652925491333 
1261 0.5406396985054016 
1262 0.4889408051967621 
1263 0.5894561409950256 
1264 0.5939320921897888 
1265 0.5504671931266785 
1266 0.49788784980773926 
1267 0.6220118999481201 
1268 0.5463755130767822 
1269 0.5679216384887695 
1270 0.5947105884552002 
1271 0.5385234951972961 
1272 0.5639228820800781 
1273 0.5028512477874756 
1274 0.5419169664382935 
1275 0.5584828853607178 
1276 0.5326990485191345 
1277 0.6068159937858582 
1278 0.5293079614639282 
1279 0.5962778925895691 
1280 0.5848551988601685 
1281 0.5648909211158752 
1282 0.6256318688392639 
1283 0.5252394080162048 
1284 0.46750783920288086 
1285 0.5890692472457886 
1286 0.4730103611946106 
1287 0.6260903477668762 
1288 0.5856674313545227 
1289 0.5431557893753052 
1290 0.5056218504905701 
1291 0.5217505693435669 
1292 0.5707575678825378 
1293 0.5770568251609802 
1294 0.5724247097969055 
1295 0.5842389464378357 
1296 0.5614272952079773 
1297 0.5420554280281067 
1298 0.5438566207885742 
1299 0.5594751834869385 
1300 0.6321199536323547 
1301 0.6429267525672913 
1302 0.6003842353820801 
1303 0.6023634672164917 
1304 0.5724011659622192 
1305 0.5981879234313965 
1306 0.5537708401679993 
1307 0.661931037902832 
1308 0.5711042284965515 
1309 0.5752588510513306 
1310 0.5659143924713135 
1311 0.5534006953239441 
1312 0.5148401856422424 
1313 0.47241467237472534 
1314 0.5536951422691345 
1315 0.5603978633880615 
1316 0.5059157013893127 
1317 0.5807828307151794 
1318 0.54686439037323 
1319 0.6119416952133179 
1320 0.5964992046356201 
1321 0.6067171096801758 
1322 0.5063417553901672 
1323 0.5842707753181458 
1324 0.6472837924957275 
1325 0.5201471447944641 
1326 0.5581778883934021 
1327 0.5329581499099731 
1328 0.5896585583686829 
1329 0.5514646768569946 
1330 0.6002693176269531 
1331 0.5957639813423157 
1332 0.5844640731811523 
1333 0.5624618530273438 
1334 0.5324272513389587 
1335 0.6251977682113647 
1336 0.6217062473297119 
1337 0.58920818567276 
1338 0.5695976614952087 
1339 0.6096036434173584 
1340 0.5391934514045715 
1341 0.5440466403961182 
1342 0.5706377625465393 
1343 0.5993393063545227 
1344 0.5700070858001709 
1345 0.5335657000541687 
1346 0.5131327509880066 
1347 0.4623302221298218 
1348 0.5682137608528137 
1349 0.6545572876930237 
1350 0.5720957517623901 
1351 0.5175287127494812 
1352 0.6356934309005737 
1353 0.5537304282188416 
1354 0.5591033101081848 
1355 0.5812858939170837 
1356 0.637451708316803 
1357 0.5560188889503479 
1358 0.6529427170753479 
1359 0.6434672474861145 
1360 0.5006719827651978 
1361 0.6053296327590942 
1362 0.5723130106925964 
1363 0.628748893737793 
1364 0.525624692440033 
1365 0.572693407535553 
1366 0.5665735602378845 
1367 0.5597357749938965 
1368 0.5222206115722656 
1369 0.6391916275024414 
1370 0.6284794211387634 
1371 0.545163094997406 
1372 0.6450510621070862 
1373 0.5722358822822571 
1374 0.6311154365539551 
1375 0.5658989548683167 
1376 0.5635404586791992 
1377 0.635643482208252 
1378 0.6296366453170776 
1379 0.5948575139045715 
1380 0.4961344003677368 
1381 0.6687654852867126 
1382 0.588868260383606 
1383 0.528935432434082 
1384 0.616357684135437 
1385 0.5099853873252869 
1386 0.5831417441368103 
1387 0.5335223078727722 
1388 0.5985444188117981 
1389 0.5365450382232666 
1390 0.572668731212616 
1391 0.5992158055305481 
1392 0.5620456337928772 
1393 0.540683388710022 
1394 0.591879665851593 
1395 0.561495304107666 
1396 0.6332360506057739 
1397 0.5558631420135498 
1398 0.4757196307182312 
1399 0.5682682991027832 
1400 0.6575919985771179 
1401 0.5855722427368164 
1402 0.6371709704399109 
1403 0.6199440956115723 
1404 0.6071945428848267 
1405 0.5092086791992188 
1406 0.5678521990776062 
1407 0.6732858419418335 
1408 0.6042098999023438 
1409 0.5580168962478638 
1410 0.6448330283164978 
1411 0.5486912131309509 
1412 0.5704180598258972 
1413 0.5896345376968384 
1414 0.6414399147033691 
1415 0.5213291645050049 
1416 0.5894888043403625 
1417 0.495135635137558 
1418 0.5956413149833679 
1419 0.6649319529533386 
1420 0.518994927406311 
1421 0.546144425868988 
1422 0.6037055850028992 
1423 0.5487633943557739 
1424 0.5300610065460205 
1425 0.5859924554824829 
1426 0.6342271566390991 
1427 0.5527796149253845 
1428 0.5914381742477417 
1429 0.5477280020713806 
1430 0.590245246887207 
1431 0.5961809158325195 
1432 0.5306611061096191 
1433 0.6014164686203003 
1434 0.6240231990814209 
1435 0.642833948135376 
1436 0.5388194918632507 
1437 0.5724672675132751 
1438 0.5847299695014954 
1439 0.574880063533783 
1440 0.6232794523239136 
1441 0.628190815448761 
1442 0.5346254110336304 
1443 0.5932576060295105 
1444 0.5827232003211975 
1445 0.5843614339828491 
1446 0.605919599533081 
1447 0.6138432621955872 
1448 0.5866609215736389 
1449 0.5819521546363831 
1450 0.5976408123970032 
1451 0.6041424870491028 
1452 0.5079415440559387 
1453 0.5560615062713623 
1454 0.5942504405975342 
1455 0.5538048148155212 
1456 0.582266092300415 
1457 0.6058166027069092 
1458 0.5924667119979858 
1459 0.5363337993621826 
1460 0.5264853835105896 
1461 0.5766857862472534 
1462 0.5776802897453308 
1463 0.5772144198417664 
1464 0.5929195880889893 
1465 0.5908820033073425 
1466 0.5752134323120117 
1467 0.5007439255714417 
1468 0.507308840751648 
1469 0.5548971891403198 
1470 0.6185969114303589 
1471 0.6256786584854126 
1472 0.5732659101486206 
1473 0.6038259267807007 
1474 0.5816459655761719 
1475 0.6432672739028931 
1476 0.5748860239982605 
1477 0.634714663028717 
1478 0.5674865245819092 
1479 0.5663301944732666 
1480 0.5305496454238892 
1481 0.6075529456138611 
1482 0.5679622888565063 
1483 0.5893594622612 
1484 0.5515047311782837 
1485 0.596869707107544 
1486 0.5653901696205139 
1487 0.6425467729568481 
1488 0.603856086730957 
1489 0.6111337542533875 
1490 0.5787907838821411 
1491 0.6004204750061035 
1492 0.5755532383918762 
1493 0.6006729006767273 
1494 0.5861237645149231 
1495 0.6412323117256165 
1496 0.6143741607666016 
1497 0.5990676879882813 
1498 0.613475501537323 
1499 0.5185226798057556 
1500 0.5717914700508118 
1501 0.5155314803123474 
1502 0.6500406265258789 
1503 0.6225671768188477 
1504 0.6226750612258911 
1505 0.6329469680786133 
1506 0.5752646923065186 
1507 0.5896906852722168 
1508 0.5516216158866882 
1509 0.5076862573623657 
1510 0.5767194032669067 
1511 0.6025785207748413 
1512 0.558225691318512 
1513 0.5843490958213806 
1514 0.527675986289978 
1515 0.5656192302703857 
1516 0.5751618146896362 
1517 0.5854031443595886 
1518 0.6468422412872314 
1519 0.574035108089447 
1520 0.5828427076339722 
1521 0.5474646687507629 
1522 0.5750003457069397 
1523 0.5567590594291687 
1524 0.5358518958091736 
1525 0.6422332525253296 
1526 0.5248844027519226 
1527 0.588134229183197 
1528 0.551767885684967 
1529 0.5769780874252319 
1530 0.5882625579833984 
1531 0.576973021030426 
1532 0.515365719795227 
1533 0.4990701675415039 
1534 0.5493469834327698 
1535 0.638048529624939 
1536 0.5682418346405029 
1537 0.5600225329399109 
1538 0.5768893957138062 
1539 0.573167085647583 
1540 0.5270208716392517 
1541 0.5344552397727966 
1542 0.5674842596054077 
1543 0.5223697423934937 
1544 0.5330761075019836 
1545 0.6005808711051941 
1546 0.6235415935516357 
1547 0.5593516826629639 
1548 0.5824222564697266 
1549 0.6147429943084717 
1550 0.5928935408592224 
1551 0.6297985315322876 
1552 0.6098682284355164 
1553 0.5592488646507263 
1554 0.5986157655715942 
1555 0.5416425466537476 
1556 0.5144532322883606 
1557 0.5544105768203735 
1558 0.5874055027961731 
1559 0.5901397466659546 
1560 0.6549776792526245 
1561 0.6135252714157104 
1562 0.6016752123832703 
1563 0.5730695128440857 
1564 0.597351610660553 
1565 0.6382296681404114 
1566 0.5589112639427185 
1567 0.5558159947395325 
1568 0.5723956227302551 
1569 0.6211144328117371 
1570 0.5753193497657776 
1571 0.6202452778816223 
1572 0.49562469124794006 
1573 0.5393223762512207 
1574 0.5819770097732544 
1575 0.5353811979293823 
1576 0.6006380915641785 
1577 0.5895171761512756 
1578 0.5910517573356628 
1579 0.58542799949646 
1580 0.6405830979347229 
1581 0.6113855838775635 
1582 0.48767781257629395 
1583 0.530302882194519 
1584 0.5878833532333374 
1585 0.5627797842025757 
1586 0.5476139783859253 
1587 0.6040425300598145 
1588 0.5702317357063293 
1589 0.5809193849563599 
1590 0.5507045388221741 
1591 0.5475878119468689 
1592 0.5648130178451538 
1593 0.6487680077552795 
1594 0.5583858489990234 
1595 0.5630691647529602 
1596 0.519970178604126 
1597 0.5485938191413879 
1598 0.5859348773956299 
1599 0.5764549374580383 
1600 0.5445111989974976 
1601 0.6004117131233215 
1602 0.6019264459609985 
1603 0.5805978178977966 
1604 0.5391737222671509 
1605 0.5775806903839111 
1606 0.5956084728240967 
1607 0.5904635190963745 
1608 0.5807782411575317 
1609 0.5617250204086304 
1610 0.5429567694664001 
1611 0.6120413541793823 
1612 0.6289833188056946 
1613 0.6796161532402039 
1614 0.5408468246459961 
1615 0.5969101190567017 
1616 0.5458692312240601 
1617 0.6058814525604248 
1618 0.5722560286521912 
1619 0.5600833296775818 
1620 0.5550299286842346 
1621 0.599642813205719 
1622 0.5344364047050476 
1623 0.6197807788848877 
1624 0.56244295835495 
1625 0.5568512082099915 
1626 0.5589750409126282 
1627 0.5350119471549988 
1628 0.5347132086753845 
1629 0.6052482724189758 
1630 0.5684160590171814 
1631 0.614546000957489 
1632 0.6260504722595215 
1633 0.5522077083587646 
1634 0.5048660039901733 
1635 0.5659456849098206 
1636 0.5455036759376526 
1637 0.5384486317634583 
1638 0.614456832408905 
1639 0.5295950174331665 
1640 0.5445888638496399 
1641 0.5456921458244324 
1642 0.5617538094520569 
1643 0.5040984153747559 
1644 0.565059244632721 
1645 0.5608238577842712 
1646 0.5868456363677979 
1647 0.5594482421875 
1648 0.5195066332817078 
1649 0.5751113295555115 
1650 0.5693315863609314 
1651 0.5594500303268433 
1652 0.5927462577819824 
1653 0.6096336841583252 
1654 0.5875878930091858 
1655 0.5111897587776184 
1656 0.6000521183013916 
1657 0.5554667115211487 
1658 0.5897700190544128 
1659 0.5627567172050476 
1660 0.5756674408912659 
1661 0.5733162760734558 
1662 0.6332806348800659 
1663 0.5489788055419922 
1664 0.5827056765556335 
1665 0.5848315358161926 
1666 0.5727418661117554 
1667 0.6386132836341858 
1668 0.6348168849945068 
1669 0.6257321834564209 
1670 0.542816162109375 
1671 0.6041169166564941 
1672 0.6414121985435486 
1673 0.574030339717865 
1674 0.5606895685195923 
1675 0.5646865367889404 
1676 0.5279862880706787 
1677 0.595345675945282 
1678 0.6222096085548401 
1679 0.5260522961616516 
1680 0.6077842116355896 
1681 0.5661468505859375 
1682 0.48728081583976746 
1683 0.5942037105560303 
1684 0.5402512550354004 
1685 0.5459908843040466 
1686 0.5833901762962341 
1687 0.547147810459137 
1688 0.6277004480361938 
1689 0.6188057065010071 
1690 0.5643994808197021 
1691 0.47742602229118347 
1692 0.5341585874557495 
1693 0.5298072695732117 
1694 0.5469286441802979 
1695 0.5520511269569397 
1696 0.6116909384727478 
1697 0.5375847816467285 
1698 0.5994256734848022 
1699 0.592018187046051 
1700 0.5337832570075989 
1701 0.5834989547729492 
1702 0.6446638107299805 
1703 0.5862885117530823 
1704 0.5928163528442383 
1705 0.4702610373497009 
1706 0.5221248269081116 
1707 0.6062857508659363 
1708 0.549744188785553 
1709 0.5926675200462341 
1710 0.5230773091316223 
1711 0.602290689945221 
1712 0.5264614224433899 
1713 0.48710402846336365 
1714 0.5678524971008301 
1715 0.6005110740661621 
1716 0.5832278728485107 
1717 0.6246368885040283 
1718 0.5966492891311646 
1719 0.6306106448173523 
1720 0.5738614201545715 
1721 0.6223240494728088 
1722 0.5696613192558289 
1723 0.6023904085159302 
1724 0.6229353547096252 
1725 0.6238622665405273 
1726 0.6225380301475525 
1727 0.585321307182312 
1728 0.6093711853027344 
1729 0.48645663261413574 
1730 0.6156982183456421 
1731 0.5963941216468811 
1732 0.5339672565460205 
1733 0.5915217995643616 
1734 0.6319504380226135 
1735 0.63921058177948 
1736 0.5597625374794006 
1737 0.5956902503967285 
1738 0.6230698823928833 
1739 0.6082618236541748 
1740 0.5934757590293884 
1741 0.5902920961380005 
1742 0.459052711725235 
1743 0.5599580407142639 
1744 0.5887813568115234 
1745 0.6002649068832397 
1746 0.5416349172592163 
1747 0.49122074246406555 
1748 0.529046893119812 
1749 0.577100396156311 
1750 0.5798603296279907 
1751 0.573225736618042 
1752 0.5893016457557678 
1753 0.6082870364189148 
1754 0.6270900964736938 
1755 0.569757342338562 
1756 0.5315896272659302 
1757 0.6061921715736389 
1758 0.5673204064369202 
1759 0.5923017263412476 
1760 0.5152551531791687 
1761 0.5594061613082886 
1762 0.5817241668701172 
1763 0.6100035905838013 
1764 0.5741122961044312 
1765 0.5931856036186218 
1766 0.515920102596283 
1767 0.5420934557914734 
1768 0.5528271198272705 
1769 0.570963978767395 
1770 0.5589930415153503 
1771 0.59587562084198 
1772 0.5631765127182007 
1773 0.6068027019500732 
1774 0.4887942671775818 
1775 0.6369690895080566 
1776 0.5392767786979675 
1777 0.55612713098526 
1778 0.6154494285583496 
1779 0.5912875533103943 
1780 0.5994060635566711 
1781 0.6036584377288818 
1782 0.5768508315086365 
1783 0.5480639934539795 
1784 0.5597630739212036 
1785 0.5917263031005859 
1786 0.5454255938529968 
1787 0.5533946752548218 
1788 0.6118112206459045 
1789 0.5561078190803528 
1790 0.6386805772781372 
1791 0.5500202178955078 
1792 0.6617494225502014 
1793 0.5319966673851013 
1794 0.49439966678619385 
1795 0.5699037909507751 
1796 0.580264151096344 
1797 0.5876448750495911 
1798 0.5263671875 
1799 0.6062920093536377 
1800 0.6334335803985596 
1801 0.5823157429695129 
1802 0.641141414642334 
1803 0.6112666726112366 
1804 0.5837436318397522 
1805 0.5958515405654907 
1806 0.6316734552383423 
1807 0.5264872908592224 
1808 0.6443333625793457 
1809 0.5126753449440002 
1810 0.6201027035713196 
1811 0.60322105884552 
1812 0.6583108305931091 
1813 0.597375214099884 
1814 0.594038188457489 
1815 0.6273346543312073 
1816 0.5995842218399048 
1817 0.5572763681411743 
1818 0.5475212335586548 
1819 0.624363124370575 
1820 0.5469921231269836 
1821 0.5252214670181274 
1822 0.5313626527786255 
1823 0.6711641550064087 
1824 0.6142328977584839 
1825 0.6227177381515503 
1826 0.5720891952514648 
1827 0.6203250288963318 
1828 0.6118610501289368 
1829 0.6351966857910156 
1830 0.5911779999732971 
1831 0.5761348009109497 
1832 0.5865234732627869 
1833 0.5963941216468811 
1834 0.594894289970398 
1835 0.6269686222076416 
1836 0.6166507601737976 
1837 0.6278006434440613 
1838 0.5984545946121216 
1839 0.6000725030899048 
1840 0.6390364766120911 
1841 0.6023979783058167 
1842 0.579433023929596 
1843 0.6179868578910828 
1844 0.5939255952835083 
1845 0.7388081550598145 
1846 0.6956292986869812 
1847 0.6878458261489868 
1848 0.7051196098327637 
1849 0.611858069896698 
1850 0.7230751514434814 
1851 0.6823864579200745 
1852 0.6680746674537659 
1853 0.7098292708396912 
1854 0.7766498923301697 
1855 0.6669335961341858 
1856 0.7917866110801697 
1857 0.71812903881073 
1858 0.7124336957931519 
1859 0.6601390838623047 
1860 0.7257240414619446 
1861 0.6813480257987976 
1862 0.7010301351547241 
1863 0.6640369296073914 
1864 0.6936688423156738 
1865 0.6946315169334412 
1866 0.7044888734817505 
1867 0.7035320401191711 
1868 0.7762043476104736 
1869 0.7612945437431335 
1870 0.6450778245925903 
1871 0.6303431391716003 
1872 0.7047640085220337 
1873 0.7099729180335999 
1874 0.712120532989502 
1875 0.6186802983283997 
1876 0.684358537197113 
1877 0.6637845635414124 
1878 0.7752986550331116 
1879 0.6683896780014038 
1880 0.7201879620552063 
1881 0.7331424355506897 
1882 0.7061296701431274 
1883 0.6824113130569458 
1884 0.6438558101654053 
1885 0.6776571273803711 
1886 0.7483177781105042 
1887 0.7075784802436829 
1888 0.6960375308990479 
1889 0.6960858702659607 
1890 0.7675371766090393 
1891 0.736822247505188 
1892 0.667595624923706 
1893 0.7473570704460144 
1894 0.6779693365097046 
1895 0.6314684748649597 
1896 0.674220860004425 
1897 0.6797741651535034 
1898 0.7354316115379333 
1899 0.7363635897636414 
1900 0.723800003528595 
1901 0.6882505416870117 
1902 0.7438067197799683 
1903 0.7211436629295349 
1904 0.7460311055183411 
1905 0.722251832485199 
1906 0.7656347155570984 
1907 0.6860259771347046 
1908 0.6760925650596619 
1909 0.7311383485794067 
1910 0.681288480758667 
1911 0.7193601131439209 
1912 0.5851364731788635 
1913 0.6621986627578735 
1914 0.7498875260353088 
1915 0.6832748055458069 
1916 0.7518871426582336 
1917 0.7009453177452087 
1918 0.6912322640419006 
1919 0.6057140231132507 
1920 0.7460461854934692 
1921 0.7206094861030579 
1922 0.7029940485954285 
1923 0.6876881718635559 
1924 0.7755283117294312 
1925 0.7758796215057373 
1926 0.7331511378288269 
1927 0.6747853755950928 
1928 0.6555686593055725 
1929 0.7080278396606445 
1930 0.6267849802970886 
1931 0.7655624151229858 
1932 0.7580771446228027 
1933 0.7137559652328491 
1934 0.6007424592971802 
1935 0.6646318435668945 
1936 0.7366220951080322 
1937 0.8075719475746155 
1938 0.7169912457466125 
1939 0.6959829926490784 
1940 0.7592645287513733 
1941 0.7558549046516418 
1942 0.7284907698631287 
1943 0.6277402639389038 
1944 0.7025465369224548 
1945 0.6293441653251648 
1946 0.5684224963188171 
1947 0.6619559526443481 
1948 0.6613838076591492 
1949 0.7097320556640625 
1950 0.6719958782196045 
1951 0.7145663499832153 
1952 0.6813914179801941 
1953 0.7418938875198364 
1954 0.6611921191215515 
1955 0.7416985630989075 
1956 0.7416172027587891 
1957 0.6851298213005066 
1958 0.6410718560218811 
1959 0.6967549920082092 
1960 0.7417605519294739 
1961 0.6554660797119141 
1962 0.7964522242546082 
1963 0.687120795249939 
1964 0.6449355483055115 
1965 0.7629150152206421 
1966 0.6673771739006042 
1967 0.7279694676399231 
1968 0.6566324234008789 
1969 0.7152450680732727 
1970 0.6640816330909729 
1971 0.7381269335746765 
1972 0.6240745782852173 
1973 0.7201290726661682 
1974 0.6304924488067627 
1975 0.716003954410553 
1976 0.723339855670929 
1977 0.7840787172317505 
1978 0.6717349886894226 
1979 0.6775107979774475 
1980 0.6735551357269287 
1981 0.7090140581130981 
1982 0.7162091135978699 
1983 0.7286789417266846 
1984 0.6972676515579224 
1985 0.7325243353843689 
1986 0.7146773338317871 
1987 0.7030705213546753 
1988 0.7130609750747681 
1989 0.6767494678497314 
1990 0.662251889705658 
1991 0.7865094542503357 
1992 0.5837436318397522 
1993 0.7105776071548462 
1994 0.5812720656394958 
1995 0.6893045902252197 
1996 0.5967618823051453 
1997 0.7195164561271667 
1998 0.7759156227111816 
1999 0.7739019989967346 
